6 7 20 25 39 
8 11 16 22 23 
5 16 33 42 45 
5 26 30 43 44 
13 17 24 33 42 
2 7 11 15 32 
6 18 29 33 40 
25 32 35 38 39 
4 7 10 21 25 
11 14 17 24 40 
0 3 23 23 38 
23 27 30 32 45 
13 15 29 48 48 
8 13 20 37 40 
0 18 21 25 27 
4 7 16 31 44 
5 32 42 44 45 
18 31 31 37 49 
7 9 9 11 19 
10 16 33 34 41 
0 14 27 37 46 
8 13 15 18 26 
8 11 26 34 45 
5 23 30 35 39 
2 13 13 26 30 
12 28 33 40 46 
9 20 23 36 45 
11 12 27 40 41 
8 11 35 38 48 
24 25 26 32 44 
23 29 30 47 47 
5 21 37 42 44 
3 13 16 27 40 
2 4 6 17 43 
0 5 32 41 45 
5 16 22 42 46 
4 5 13 24 45 
1 16 17 30 43 
3 23 35 47 48 
4 5 39 43 48 
23 24 27 31 42 
24 40 40 42 45 
2 6 9 16 21 
3 6 19 24 39 
17 18 42 45 48 
3 3 8 42 49 
2 4 23 31 44 
1 6 30 30 38 
6 15 23 29 46 
3 4 20 34 44 
0 6 12 14 33 
4 41 48 48 49 
4 8 21 28 45 
10 27 34 37 44 
14 22 26 33 43 
10 16 39 44 48 
3 4 5 29 35 
4 8 32 34 39 
5 7 18 29 34 
18 22 35 41 45 
19 24 28 31 44 
3 13 37 40 42 
4 10 32 43 49 
1 4 4 20 33 
14 15 33 39 46 
5 16 22 24 33 
8 20 23 28 47 
2 3 10 39 44 
7 14 19 40 48 
18 20 25 39 45 
6 10 14 21 43 
0 12 13 45 46 
10 26 26 37 47 
36 36 41 41 46 
15 17 20 31 43 
1 6 22 22 25 
1 11 12 28 36 
19 20 20 33 37 
11 33 45 48 49 
6 28 28 29 44 
1 7 25 39 46 
17 20 40 47 47 
7 10 21 37 41 
5 9 21 26 42 
3 6 7 43 48 
4 23 28 29 35 
8 13 26 36 37 
2 4 6 23 25 
4 11 18 25 45 
0 30 31 36 42 
