350
34 9 10 29 3
32 31 37 9 15
41 11 34 21 5
18 48 35 6 42
14 42 30 7 9
34 1 38 40 4
25 24 15 35 6
19 20 37 6 29
5 49 41 39 22
48 9 20 33 15
15 0 10 45 7
21 31 8 9 22
12 37 48 30 22
4 49 44 44 7
24 49 6 17 40
29 15 49 1 1
17 16 1 27 13
8 48 45 18 9
19 33 46 17 13
21 24 12 15 18
19 41 17 27 8
9 8 26 10 10
27 27 28 30 6
44 38 6 39 8
16 8 41 14 27
6 37 1 20 5
21 41 48 40 19
9 49 27 35 10
39 14 39 20 44
46 14 34 4 3
42 22 13 36 39
42 42 26 44 15
33 17 6 32 8
25 41 7 5 28
19 44 42 9 16
38 7 30 22 13
35 16 36 48 4
25 43 49 3 37
14 39 4 20 21
14 46 14 24 3
42 43 47 36 4
14 26 13 46 0
27 32 18 15 32
23 42 25 22 47
14 36 36 21 8
7 35 4 23 9
7 17 5 7 3
9 23 31 25 21
31 4 3 0 19
38 23 13 13 47
10 28 35 47 1
43 6 36 0 30
48 9 47 3 16
3 14 41 34 39
13 18 43 18 18
14 6 43 27 20
40 38 0 25 37
3 18 43 39 18
25 39 28 25 42
46 30 7 40 14
48 5 34 44 23
2 8 32 47 36
4 37 26 6 14
13 9 33 6 48
3 34 40 33 9
32 32 39 41 24
5 42 29 40 36
4 44 44 38 42
32 42 31 8 48
46 23 7 31 32